camera_name: left
frame_id: /head_color_camera_l_link
image_width: 1360
image_height: 1024
camera_matrix:
  rows: 3
  cols: 3
  data: [1451.8935998003594, 0.0, 648.72202091021052, 0.0, 1451.5415409382624, 505.91500463855931, 0.0, 0.0, 1.0]
distortion_model: plumb_bob
distortion_coefficients:
  rows: 1
  cols: 5
  data: [-0.25841734402690758, 0.23588277599755725, -0.0010655668462317748, -0.0012057811839866403, -0.10436042203608634]
rectification_matrix:
  rows: 3
  cols: 3
  data: [0.99997173588005084, 0.0072460763822570998, -0.0020054471073304046, -0.0072405011534177133, 0.99996994102662518, 0.0027734790885875433, 0.0020254836669696893, -0.0027588802565481959, 0.99999414298067024]
projection_matrix:
  rows: 3
  cols: 4
  data: [1453.0612968834594, 0.0, 651.4753532409668, 0.0, 0.0, 1453.0612968834594, 510.99696731567383, 0.0, 0.0, 0.0, 1.0, 0.0]
