camera_name: right
frame_id: /head_color_camera_l_link
image_width: 1360
image_height: 1024
camera_matrix:
  rows: 3
  cols: 3
  data: [1449.238964635256, 0.0, 678.94312884105773, 0.0, 1449.1600966859232, 521.07454608604576, 0.0, 0.0, 1.0]
distortion_model: plumb_bob
distortion_coefficients:
  rows: 1
  cols: 5
  data: [-0.26263706422393696, 0.18798818757832458, -0.0010183033561383978, -0.00073137352588477616, 0.22076478662152454]
rectification_matrix:
  rows: 3
  cols: 3
  data: [0.99989602674596123, -0.0044552248402684406, 0.013714469339450922, 0.0044931457344911316, 0.99998616435711019, -0.0027354589675437626, -0.013702092506208994, 0.0027967956623869482, 0.99990221051609562]
projection_matrix:
  rows: 3
  cols: 4
  data: [1453.0612968834594, 0.0, 651.4753532409668, -175.45491037784339, 0.0, 1453.0612968834594, 510.99696731567383, 0.0, 0.0, 0.0, 1.0, 0.0]
